Alabama 43.8 24.3 1.0 1.6 44.4 45.7 1.0 1.0
Alaska 38.7 19.7 1.1 1.7 39.1 34.1 1.0 1.3 
Arkansas 47.5 28.6 1.0 1.5 49.4 43.2 1.0 1.0 
Connecticut 32.0 20.6 1.3 1.7 34.6 35.3 1.3 1.3 
Florida 37.7 22.6 1.1 1.6 37.2 42.1 1.0 1.1 
Georgia 41.9 23.2 1.0 1.6 42.9 43.1 1.0 1.0 
Hawaii 39.5 22.6 1.0 1.7 45.1 40.8 1.0 1.1 
Idaho 38.1 20.1 1.1 1.6 33.9 32.2 1.0 1.3 
Illinois 36.0 25.2 1.1 1.6 38.7 42.3 1.0 1.1
Indiana 41.6 27.3 1.0 1.5 44.7 42.0 1.0 1.1 
Iowa 39.8 26.9 1.0 1.4 36.1 35.1 1.0 1.3
Kansas 41.4 22.2 1.0 1.6 40.4 35.7 1.0 1.3 
Kentucky 45.9 25.2 1.0 1.5 49.7 43.2 1.0 1.1 
Louisiana 46.7 32.5 1.0 1.4 47.8 50.1 1.0 0.9 
Maryland 36.4 22.8 1.1 1.6 38.7 38.9 1.0 1.3 
Michigan 37.3 23.2 1.1 1.6 37.8 36.8 1.0 1.3 
Mississippi 50.8 32.3 0.9 1.4 39.8 42.4 1.0 1.1 
Montana 39.2 21.7 1.0 1.6 38.4 33.5 1.0 1.3 
Nebraska 40.1 26.2 1.0 1.5 41.0 38.0 1.0 1.3 
New Hampshire 30.3 17.6 1.3 1.8 36.8 31.8 1.0 1.3 
New Jersey 33.9 22.2 1.1 1.6 39.1 34.9 1.0 1.3 
New Mexico 38.0 21.9 1.1 1.7 40.8 37.1 1.0 1.3 
North Carolina 40.8 21.9 1.0 1.6 44.5 39.6 1.0 1.1 
North Dakota 39.1 27.1 1.1 1.4 36.4 39.4 1.0 1.1 
Ohio 40.5 26.0 1.0 1.5 42.4 42.2 1.0 1.1 
Oklahoma 50.2 26.8 0.9 1.5 44.3 40.4 1.0 1.1 
Rhode Island 32.9 20.7 1.2 1.6 36.5 35.3 1.0 1.3 
South Carolina 44.4 27.3 1.0 1.5 50.6 47.8 0.7 1.0 
South Dakota 39.6 26.3 1.0 1.4 41.2 38.8 1.0 1.1 
Tennessee 46.3 25.4 1.0 1.6 44.9 41.4 1.0 1.1 
Texas 40.3 21.8 1.0 1.6 42.1 47.5 1.0 1.0 
Utah 34.9 19.8 1.1 1.7 32.5 31.8 1.0 1.3
Vermont 31.4 18.1 1.3 1.7 30.7 26.4 1.3 1.6 
Virginia 38.4 22.2 1.1 1.7 39.8 41.7 1.0 1.1 
West Virginia 47.2 26.2 1.0 1.5 37.8 34.9 1.0 1.3 
Wisconsin 35.6 26.0 1.1 1.5 34.1 35.7 1.0 1.3 
Wyoming 38.2 22.4 1.1 1.6 37.9 31.4 1.0 1.3 